market_type,open_panna,open_result,close_panna,close_result,jodi,day,date
9bfad604-34ad-4d4d-9323-41148e682bdd,***,0,***,0,**,Mon,02/10/2023
9bfad604-34ad-4d4d-9323-41148e682bdd,***,0,***,0,**,Tue,03/10/2023
9bfad604-34ad-4d4d-9323-41148e682bdd,135,9,224,8,98,Wed,04/10/2023
9bfad604-34ad-4d4d-9323-41148e682bdd,135,9,224,8,98,Thu,05/10/2023
9bfad604-34ad-4d4d-9323-41148e682bdd,449,7,470,1,71,Fri,06/10/2023
9bfad604-34ad-4d4d-9323-41148e682bdd,137,1,578,0,10,Sat,07/10/2023
9bfad604-34ad-4d4d-9323-41148e682bdd,270,9,690,5,95,Sun,08/10/2023
9bfad604-34ad-4d4d-9323-41148e682bdd,123,6,460,0,60,Mon,09/10/2023
9bfad604-34ad-4d4d-9323-41148e682bdd,566,7,379,9,79,Tue,10/10/2023
9bfad604-34ad-4d4d-9323-41148e682bdd,345,2,259,6,26,Wed,11/10/2023
9bfad604-34ad-4d4d-9323-41148e682bdd,128,1,577,9,19,Thu,12/10/2023
9bfad604-34ad-4d4d-9323-41148e682bdd,239,4,348,5,45,Fri,13/10/2023
9bfad604-34ad-4d4d-9323-41148e682bdd,168,5,258,5,55,Sat,14/10/2023
9bfad604-34ad-4d4d-9323-41148e682bdd,588,1,148,3,13,Sun,15/10/2023
9bfad604-34ad-4d4d-9323-41148e682bdd,380,1,189,8,18,Mon,16/10/2023
9bfad604-34ad-4d4d-9323-41148e682bdd,447,5,580,3,53,Tue,17/10/2023
9bfad604-34ad-4d4d-9323-41148e682bdd,123,6,189,8,68,Wed,18/10/2023
9bfad604-34ad-4d4d-9323-41148e682bdd,127,0,260,8,08,Thu,19/10/2023
9bfad604-34ad-4d4d-9323-41148e682bdd,249,5,290,1,51,Fri,20/10/2023
9bfad604-34ad-4d4d-9323-41148e682bdd,159,5,579,1,51,Sat,21/10/2023
9bfad604-34ad-4d4d-9323-41148e682bdd,450,9,589,2,92,Sun,22/10/2023
9bfad604-34ad-4d4d-9323-41148e682bdd,233,8,150,6,86,Mon,23/10/2023
9bfad604-34ad-4d4d-9323-41148e682bdd,156,2,370,0,20,Tue,24/10/2023
9bfad604-34ad-4d4d-9323-41148e682bdd,148,3,180,9,39,Wed,25/10/2023
9bfad604-34ad-4d4d-9323-41148e682bdd,560,1,130,4,14,Thu,26/10/2023
9bfad604-34ad-4d4d-9323-41148e682bdd,160,7,288,8,78,Fri,27/10/2023
9bfad604-34ad-4d4d-9323-41148e682bdd,779,3,145,0,30,Sat,28/10/2023
9bfad604-34ad-4d4d-9323-41148e682bdd,167,4,139,3,43,Sun,29/10/2023
9bfad604-34ad-4d4d-9323-41148e682bdd,199,9,255,2,92,Mon,30/10/2023
9bfad604-34ad-4d4d-9323-41148e682bdd,260,8,155,1,81,Tue,31/10/2023
9bfad604-34ad-4d4d-9323-41148e682bdd,456,5,170,8,58,Wed,01/11/2023
9bfad604-34ad-4d4d-9323-41148e682bdd,280,0,678,1,01,Thu,02/11/2023
9bfad604-34ad-4d4d-9323-41148e682bdd,779,3,190,0,30,Fri,03/11/2023
9bfad604-34ad-4d4d-9323-41148e682bdd,277,6,479,0,60,Sat,04/11/2023
9bfad604-34ad-4d4d-9323-41148e682bdd,255,2,119,1,21,Sun,05/11/2023
9bfad604-34ad-4d4d-9323-41148e682bdd,130,4,460,0,40,Mon,06/11/2023
9bfad604-34ad-4d4d-9323-41148e682bdd,277,6,590,4,64,Tue,07/11/2023
9bfad604-34ad-4d4d-9323-41148e682bdd,137,1,358,6,16,Wed,08/11/2023
9bfad604-34ad-4d4d-9323-41148e682bdd,149,4,157,3,43,Thu,09/11/2023
9bfad604-34ad-4d4d-9323-41148e682bdd,379,9,129,2,92,Fri,10/11/2023
9bfad604-34ad-4d4d-9323-41148e682bdd,179,7,257,4,74,Sat,11/11/2023
9bfad604-34ad-4d4d-9323-41148e682bdd,349,6,459,8,68,Sun,12/11/2023
9bfad604-34ad-4d4d-9323-41148e682bdd,790,6,150,6,66,Mon,13/11/2023
9bfad604-34ad-4d4d-9323-41148e682bdd,129,2,378,8,28,Tue,14/11/2023
9bfad604-34ad-4d4d-9323-41148e682bdd,459,8,350,8,88,Wed,15/11/2023
9bfad604-34ad-4d4d-9323-41148e682bdd,250,7,800,8,78,Thu,16/11/2023
9bfad604-34ad-4d4d-9323-41148e682bdd,145,0,569,0,00,Fri,17/11/2023
9bfad604-34ad-4d4d-9323-41148e682bdd,579,1,457,6,16,Sat,18/11/2023
9bfad604-34ad-4d4d-9323-41148e682bdd,490,3,389,0,30,Sun,19/11/2023
9bfad604-34ad-4d4d-9323-41148e682bdd,223,7,600,6,76,Mon,20/11/2023
9bfad604-34ad-4d4d-9323-41148e682bdd,569,0,135,9,09,Tue,21/11/2023
9bfad604-34ad-4d4d-9323-41148e682bdd,150,6,570,2,62,Wed,22/11/2023
9bfad604-34ad-4d4d-9323-41148e682bdd,489,1,258,5,15,Thu,23/11/2023
9bfad604-34ad-4d4d-9323-41148e682bdd,239,4,140,5,45,Fri,24/11/2023
9bfad604-34ad-4d4d-9323-41148e682bdd,270,9,470,1,91,Sat,25/11/2023
9bfad604-34ad-4d4d-9323-41148e682bdd,125,8,277,6,86,Sun,26/11/2023
9bfad604-34ad-4d4d-9323-41148e682bdd,259,6,455,4,64,Mon,27/11/2023
9bfad604-34ad-4d4d-9323-41148e682bdd,450,9,224,8,98,Tue,28/11/2023
9bfad604-34ad-4d4d-9323-41148e682bdd,124,7,590,4,74,Wed,29/11/2023
9bfad604-34ad-4d4d-9323-41148e682bdd,230,5,118,0,50,Thu,30/11/2023
9bfad604-34ad-4d4d-9323-41148e682bdd,138,2,356,4,24,Fri,01/12/2023
9bfad604-34ad-4d4d-9323-41148e682bdd,458,7,145,0,70,Sat,02/12/2023
9bfad604-34ad-4d4d-9323-41148e682bdd,690,5,246,2,52,Sun,03/12/2023
9bfad604-34ad-4d4d-9323-41148e682bdd,125,8,190,0,80,Mon,04/12/2023
9bfad604-34ad-4d4d-9323-41148e682bdd,578,0,470,1,01,Tue,05/12/2023
9bfad604-34ad-4d4d-9323-41148e682bdd,130,4,567,8,48,Wed,06/12/2023
9bfad604-34ad-4d4d-9323-41148e682bdd,290,1,580,3,13,Thu,07/12/2023
9bfad604-34ad-4d4d-9323-41148e682bdd,157,3,360,9,39,Fri,08/12/2023
9bfad604-34ad-4d4d-9323-41148e682bdd,334,0,459,8,08,Sat,09/12/2023
9bfad604-34ad-4d4d-9323-41148e682bdd,257,4,579,1,41,Sun,10/12/2023
9bfad604-34ad-4d4d-9323-41148e682bdd,456,5,346,3,53,Mon,11/12/2023
9bfad604-34ad-4d4d-9323-41148e682bdd,446,4,660,2,42,Tue,12/12/2023
9bfad604-34ad-4d4d-9323-41148e682bdd,156,2,235,0,20,Wed,13/12/2023
9bfad604-34ad-4d4d-9323-41148e682bdd,378,8,289,9,89,Thu,14/12/2023
9bfad604-34ad-4d4d-9323-41148e682bdd,368,7,670,3,73,Fri,15/12/2023
9bfad604-34ad-4d4d-9323-41148e682bdd,480,2,249,5,25,Sat,16/12/2023
9bfad604-34ad-4d4d-9323-41148e682bdd,380,1,148,3,13,Sun,17/12/2023
9bfad604-34ad-4d4d-9323-41148e682bdd,589,2,250,7,27,Mon,18/12/2023
9bfad604-34ad-4d4d-9323-41148e682bdd,577,9,390,2,92,Tue,19/12/2023
9bfad604-34ad-4d4d-9323-41148e682bdd,350,8,447,5,85,Wed,20/12/2023
9bfad604-34ad-4d4d-9323-41148e682bdd,377,7,134,8,78,Thu,21/12/2023
9bfad604-34ad-4d4d-9323-41148e682bdd,247,3,460,0,30,Fri,22/12/2023
9bfad604-34ad-4d4d-9323-41148e682bdd,457,6,226,0,60,Sat,23/12/2023
9bfad604-34ad-4d4d-9323-41148e682bdd,290,1,279,8,18,Sun,24/12/2023
9bfad604-34ad-4d4d-9323-41148e682bdd,***,0,***,0,**,Mon,25/12/2023
9bfad604-34ad-4d4d-9323-41148e682bdd,257,4,780,5,45,Tue,26/12/2023
9bfad604-34ad-4d4d-9323-41148e682bdd,***,0,***,0,**,Wed,27/12/2023
9bfad604-34ad-4d4d-9323-41148e682bdd,136,0,379,9,09,Thu,28/12/2023
9bfad604-34ad-4d4d-9323-41148e682bdd,590,4,568,9,49,Fri,29/12/2023
9bfad604-34ad-4d4d-9323-41148e682bdd,345,2,569,0,20,Sat,30/12/2023
9bfad604-34ad-4d4d-9323-41148e682bdd,446,4,368,7,47,Sun,31/12/2023
9bfad604-34ad-4d4d-9323-41148e682bdd,449,7,389,0,70,Mon,01/01/2024
9bfad604-34ad-4d4d-9323-41148e682bdd,114,6,340,7,67,Tue,02/01/2024
9bfad604-34ad-4d4d-9323-41148e682bdd,349,6,688,2,62,Wed,03/01/2024
9bfad604-34ad-4d4d-9323-41148e682bdd,140,5,147,2,52,Thu,04/01/2024
9bfad604-34ad-4d4d-9323-41148e682bdd,390,2,489,1,21,Fri,05/01/2024
9bfad604-34ad-4d4d-9323-41148e682bdd,170,8,369,8,88,Sat,06/01/2024
9bfad604-34ad-4d4d-9323-41148e682bdd,360,9,348,5,95,Sun,07/01/2024
9bfad604-34ad-4d4d-9323-41148e682bdd,158,4,190,0,40,Mon,08/01/2024
9bfad604-34ad-4d4d-9323-41148e682bdd,578,0,479,0,00,Tue,09/01/2024
9bfad604-34ad-4d4d-9323-41148e682bdd,167,4,168,5,45,Wed,10/01/2024
9bfad604-34ad-4d4d-9323-41148e682bdd,567,8,149,4,84,Thu,11/01/2024
9bfad604-34ad-4d4d-9323-41148e682bdd,346,3,560,1,31,Fri,12/01/2024
9bfad604-34ad-4d4d-9323-41148e682bdd,289,9,445,3,93,Sat,13/01/2024
9bfad604-34ad-4d4d-9323-41148e682bdd,779,3,146,1,31,Sun,14/01/2024
9bfad604-34ad-4d4d-9323-41148e682bdd,344,1,135,9,19,Mon,15/01/2024
9bfad604-34ad-4d4d-9323-41148e682bdd,889,5,155,1,51,Tue,16/01/2024
9bfad604-34ad-4d4d-9323-41148e682bdd,600,6,469,9,69,Wed,17/01/2024
9bfad604-34ad-4d4d-9323-41148e682bdd,113,5,249,5,55,Thu,18/01/2024
9bfad604-34ad-4d4d-9323-41148e682bdd,450,9,160,7,97,Fri,19/01/2024
9bfad604-34ad-4d4d-9323-41148e682bdd,224,8,568,9,89,Sat,20/01/2024
9bfad604-34ad-4d4d-9323-41148e682bdd,100,1,366,5,15,Sun,21/01/2024
9bfad604-34ad-4d4d-9323-41148e682bdd,790,6,179,7,67,Mon,22/01/2024
9bfad604-34ad-4d4d-9323-41148e682bdd,169,6,389,0,60,Tue,23/01/2024
9bfad604-34ad-4d4d-9323-41148e682bdd,338,4,129,2,42,Wed,24/01/2024
9bfad604-34ad-4d4d-9323-41148e682bdd,566,7,356,4,74,Thu,25/01/2024
9bfad604-34ad-4d4d-9323-41148e682bdd,***,0,***,0,**,Fri,26/01/2024
9bfad604-34ad-4d4d-9323-41148e682bdd,370,0,480,2,02,Sat,27/01/2024
9bfad604-34ad-4d4d-9323-41148e682bdd,459,8,127,0,80,Sun,28/01/2024
9bfad604-34ad-4d4d-9323-41148e682bdd,360,9,490,3,93,Mon,29/01/2024
9bfad604-34ad-4d4d-9323-41148e682bdd,690,5,499,2,52,Tue,30/01/2024
9bfad604-34ad-4d4d-9323-41148e682bdd,379,9,570,2,92,Wed,31/01/2024
9bfad604-34ad-4d4d-9323-41148e682bdd,236,1,458,7,17,Thu,01/02/2024
9bfad604-34ad-4d4d-9323-41148e682bdd,350,8,150,6,86,Fri,02/02/2024
9bfad604-34ad-4d4d-9323-41148e682bdd,188,7,357,5,75,Sat,03/02/2024
9bfad604-34ad-4d4d-9323-41148e682bdd,489,1,378,8,18,Sun,04/02/2024
9bfad604-34ad-4d4d-9323-41148e682bdd,349,6,560,1,61,Mon,05/02/2024
9bfad604-34ad-4d4d-9323-41148e682bdd,139,3,359,7,37,Tue,06/02/2024
9bfad604-34ad-4d4d-9323-41148e682bdd,146,1,440,8,18,Wed,07/02/2024
9bfad604-34ad-4d4d-9323-41148e682bdd,699,4,348,5,45,Thu,08/02/2024
9bfad604-34ad-4d4d-9323-41148e682bdd,120,3,366,5,35,Fri,09/02/2024
9bfad604-34ad-4d4d-9323-41148e682bdd,239,4,579,1,41,Sat,10/02/2024
9bfad604-34ad-4d4d-9323-41148e682bdd,150,6,478,9,69,Sun,11/02/2024
9bfad604-34ad-4d4d-9323-41148e682bdd,135,9,224,8,98,Mon,12/02/2024
9bfad604-34ad-4d4d-9323-41148e682bdd,390,2,889,5,25,Tue,13/02/2024
9bfad604-34ad-4d4d-9323-41148e682bdd,123,6,560,1,61,Wed,14/02/2024
9bfad604-34ad-4d4d-9323-41148e682bdd,450,9,278,7,97,Thu,15/02/2024
9bfad604-34ad-4d4d-9323-41148e682bdd,160,7,336,2,72,Fri,16/02/2024
9bfad604-34ad-4d4d-9323-41148e682bdd,256,3,156,2,32,Sat,17/02/2024
9bfad604-34ad-4d4d-9323-41148e682bdd,459,8,789,4,84,Sun,18/02/2024
9bfad604-34ad-4d4d-9323-41148e682bdd,129,2,588,1,21,Mon,19/02/2024
9bfad604-34ad-4d4d-9323-41148e682bdd,440,8,478,9,89,Tue,20/02/2024
9bfad604-34ad-4d4d-9323-41148e682bdd,148,3,790,6,36,Wed,21/02/2024
9bfad604-34ad-4d4d-9323-41148e682bdd,579,1,270,9,19,Thu,22/02/2024
9bfad604-34ad-4d4d-9323-41148e682bdd,125,8,368,7,87,Fri,23/02/2024
9bfad604-34ad-4d4d-9323-41148e682bdd,189,8,489,1,81,Sat,24/02/2024
9bfad604-34ad-4d4d-9323-41148e682bdd,236,1,780,5,15,Sun,25/02/2024
9bfad604-34ad-4d4d-9323-41148e682bdd,459,8,100,1,81,Mon,26/02/2024
9bfad604-34ad-4d4d-9323-41148e682bdd,580,3,400,4,34,Tue,27/02/2024
9bfad604-34ad-4d4d-9323-41148e682bdd,156,2,249,5,25,Wed,28/02/2024
9bfad604-34ad-4d4d-9323-41148e682bdd,378,8,480,2,82,Thu,29/02/2024
9bfad604-34ad-4d4d-9323-41148e682bdd,560,1,115,7,17,Fri,01/03/2024
9bfad604-34ad-4d4d-9323-41148e682bdd,680,4,156,2,42,Sat,02/03/2024
9bfad604-34ad-4d4d-9323-41148e682bdd,256,3,280,0,30,Sun,03/03/2024
9bfad604-34ad-4d4d-9323-41148e682bdd,590,4,488,0,40,Mon,04/03/2024
9bfad604-34ad-4d4d-9323-41148e682bdd,358,6,130,4,64,Tue,05/03/2024
9bfad604-34ad-4d4d-9323-41148e682bdd,235,0,589,2,02,Wed,06/03/2024
9bfad604-34ad-4d4d-9323-41148e682bdd,230,5,446,4,54,Thu,07/03/2024
9bfad604-34ad-4d4d-9323-41148e682bdd,390,2,458,7,27,Fri,08/03/2024
9bfad604-34ad-4d4d-9323-41148e682bdd,700,7,113,5,75,Sat,09/03/2024
9bfad604-34ad-4d4d-9323-41148e682bdd,227,1,579,1,11,Sun,10/03/2024
9bfad604-34ad-4d4d-9323-41148e682bdd,778,2,123,6,26,Mon,11/03/2024
9bfad604-34ad-4d4d-9323-41148e682bdd,890,7,190,0,70,Tue,12/03/2024
9bfad604-34ad-4d4d-9323-41148e682bdd,157,3,238,3,33,Wed,13/03/2024
9bfad604-34ad-4d4d-9323-41148e682bdd,380,1,168,5,15,Thu,14/03/2024
9bfad604-34ad-4d4d-9323-41148e682bdd,245,1,770,4,14,Fri,15/03/2024
9bfad604-34ad-4d4d-9323-41148e682bdd,340,7,145,0,70,Sat,16/03/2024
9bfad604-34ad-4d4d-9323-41148e682bdd,158,4,269,7,47,Sun,17/03/2024
9bfad604-34ad-4d4d-9323-41148e682bdd,229,3,136,0,30,Mon,18/03/2024
9bfad604-34ad-4d4d-9323-41148e682bdd,146,1,480,2,12,Tue,19/03/2024
9bfad604-34ad-4d4d-9323-41148e682bdd,368,7,247,3,73,Wed,20/03/2024
9bfad604-34ad-4d4d-9323-41148e682bdd,289,9,570,2,92,Thu,21/03/2024
9bfad604-34ad-4d4d-9323-41148e682bdd,257,4,123,6,46,Fri,22/03/2024
9bfad604-34ad-4d4d-9323-41148e682bdd,457,6,346,3,63,Sat,23/03/2024
9bfad604-34ad-4d4d-9323-41148e682bdd,360,9,566,7,97,Sun,24/03/2024
9bfad604-34ad-4d4d-9323-41148e682bdd,***,0,***,0,**,Mon,25/03/2024
9bfad604-34ad-4d4d-9323-41148e682bdd,239,4,499,2,42,Tue,26/03/2024
9bfad604-34ad-4d4d-9323-41148e682bdd,330,6,127,0,60,Wed,27/03/2024
9bfad604-34ad-4d4d-9323-41148e682bdd,257,4,347,4,44,Thu,28/03/2024
9bfad604-34ad-4d4d-9323-41148e682bdd,247,3,128,1,31,Fri,29/03/2024
9bfad604-34ad-4d4d-9323-41148e682bdd,700,7,235,0,70,Sat,30/03/2024
9bfad604-34ad-4d4d-9323-41148e682bdd,140,5,469,9,59,Sun,31/03/2024
9bfad604-34ad-4d4d-9323-41148e682bdd,569,0,125,8,08,Mon,01/04/2024
9bfad604-34ad-4d4d-9323-41148e682bdd,369,8,400,4,84,Tue,02/04/2024
9bfad604-34ad-4d4d-9323-41148e682bdd,237,2,459,8,28,Wed,03/04/2024
9bfad604-34ad-4d4d-9323-41148e682bdd,119,1,389,0,10,Thu,04/04/2024
9bfad604-34ad-4d4d-9323-41148e682bdd,460,0,360,9,09,Fri,05/04/2024
9bfad604-34ad-4d4d-9323-41148e682bdd,379,9,147,2,92,Sat,06/04/2024
9bfad604-34ad-4d4d-9323-41148e682bdd,178,6,279,8,68,Sun,07/04/2024
9bfad604-34ad-4d4d-9323-41148e682bdd,230,5,290,1,51,Mon,08/04/2024
9bfad604-34ad-4d4d-9323-41148e682bdd,135,9,340,7,97,Tue,09/04/2024
9bfad604-34ad-4d4d-9323-41148e682bdd,269,7,159,5,75,Wed,10/04/2024
9bfad604-34ad-4d4d-9323-41148e682bdd,148,3,267,5,35,Thu,11/04/2024
9bfad604-34ad-4d4d-9323-41148e682bdd,459,8,566,7,87,Fri,12/04/2024
9bfad604-34ad-4d4d-9323-41148e682bdd,599,3,156,2,32,Sat,13/04/2024
9bfad604-34ad-4d4d-9323-41148e682bdd,478,9,147,2,92,Sun,14/04/2024
9bfad604-34ad-4d4d-9323-41148e682bdd,356,4,236,1,41,Mon,15/04/2024
9bfad604-34ad-4d4d-9323-41148e682bdd,137,1,578,0,10,Tue,16/04/2024
9bfad604-34ad-4d4d-9323-41148e682bdd,440,8,200,2,82,Wed,17/04/2024
9bfad604-34ad-4d4d-9323-41148e682bdd,677,0,788,3,03,Thu,18/04/2024
9bfad604-34ad-4d4d-9323-41148e682bdd,470,1,770,4,14,Fri,19/04/2024
9bfad604-34ad-4d4d-9323-41148e682bdd,245,1,149,4,14,Sat,20/04/2024
9bfad604-34ad-4d4d-9323-41148e682bdd,350,8,479,0,80,Sun,21/04/2024
9bfad604-34ad-4d4d-9323-41148e682bdd,360,9,468,8,98,Mon,22/04/2024
9bfad604-34ad-4d4d-9323-41148e682bdd,347,4,238,3,43,Tue,23/04/2024
9bfad604-34ad-4d4d-9323-41148e682bdd,259,6,366,5,65,Wed,24/04/2024
9bfad604-34ad-4d4d-9323-41148e682bdd,110,2,280,0,20,Thu,25/04/2024
9bfad604-34ad-4d4d-9323-41148e682bdd,229,3,168,5,35,Fri,26/04/2024
9bfad604-34ad-4d4d-9323-41148e682bdd,890,7,478,9,79,Sat,27/04/2024
9bfad604-34ad-4d4d-9323-41148e682bdd,157,3,699,4,34,Sun,28/04/2024
9bfad604-34ad-4d4d-9323-41148e682bdd,150,6,459,8,68,Mon,29/04/2024
9bfad604-34ad-4d4d-9323-41148e682bdd,299,0,270,9,09,Tue,30/04/2024
9bfad604-34ad-4d4d-9323-41148e682bdd,790,6,350,8,68,Wed,01/05/2024
9bfad604-34ad-4d4d-9323-41148e682bdd,256,3,128,1,31,Thu,02/05/2024
9bfad604-34ad-4d4d-9323-41148e682bdd,180,9,123,6,96,Fri,03/05/2024
9bfad604-34ad-4d4d-9323-41148e682bdd,480,2,278,7,27,Sat,04/05/2024
9bfad604-34ad-4d4d-9323-41148e682bdd,349,6,467,7,67,Sun,05/05/2024
9bfad604-34ad-4d4d-9323-41148e682bdd,126,9,148,3,93,Mon,06/05/2024
9bfad604-34ad-4d4d-9323-41148e682bdd,890,7,145,0,70,Tue,07/05/2024
9bfad604-34ad-4d4d-9323-41148e682bdd,480,2,168,5,25,Wed,08/05/2024
9bfad604-34ad-4d4d-9323-41148e682bdd,250,7,778,2,72,Thu,09/05/2024
9bfad604-34ad-4d4d-9323-41148e682bdd,266,4,136,0,40,Fri,10/05/2024
9bfad604-34ad-4d4d-9323-41148e682bdd,380,1,690,5,15,Sat,11/05/2024
9bfad604-34ad-4d4d-9323-41148e682bdd,359,7,146,1,71,Sun,12/05/2024
9bfad604-34ad-4d4d-9323-41148e682bdd,800,8,470,1,81,Mon,13/05/2024
9bfad604-34ad-4d4d-9323-41148e682bdd,589,2,260,8,28,Tue,14/05/2024
9bfad604-34ad-4d4d-9323-41148e682bdd,288,8,889,5,85,Wed,15/05/2024
9bfad604-34ad-4d4d-9323-41148e682bdd,178,6,348,5,65,Thu,16/05/2024
9bfad604-34ad-4d4d-9323-41148e682bdd,400,4,116,8,48,Fri,17/05/2024
9bfad604-34ad-4d4d-9323-41148e682bdd,258,5,248,4,54,Sat,18/05/2024
9bfad604-34ad-4d4d-9323-41148e682bdd,144,9,790,6,96,Sun,19/05/2024
9bfad604-34ad-4d4d-9323-41148e682bdd,236,1,290,1,11,Mon,20/05/2024
9bfad604-34ad-4d4d-9323-41148e682bdd,440,8,120,3,83,Tue,21/05/2024
9bfad604-34ad-4d4d-9323-41148e682bdd,440,8,238,3,83,Wed,22/05/2024
9bfad604-34ad-4d4d-9323-41148e682bdd,144,9,700,7,97,Thu,23/05/2024
9bfad604-34ad-4d4d-9323-41148e682bdd,346,3,479,0,30,Fri,24/05/2024
9bfad604-34ad-4d4d-9323-41148e682bdd,123,6,168,5,65,Sat,25/05/2024
9bfad604-34ad-4d4d-9323-41148e682bdd,788,3,339,5,35,Sun,26/05/2024
9bfad604-34ad-4d4d-9323-41148e682bdd,258,5,478,9,59,Mon,27/05/2024
9bfad604-34ad-4d4d-9323-41148e682bdd,335,1,112,4,14,Tue,28/05/2024
9bfad604-34ad-4d4d-9323-41148e682bdd,558,8,280,0,80,Wed,29/05/2024
9bfad604-34ad-4d4d-9323-41148e682bdd,139,3,590,4,34,Thu,30/05/2024
9bfad604-34ad-4d4d-9323-41148e682bdd,390,2,556,6,26,Fri,31/05/2024
9bfad604-34ad-4d4d-9323-41148e682bdd,459,8,115,7,87,Sat,01/06/2024
9bfad604-34ad-4d4d-9323-41148e682bdd,135,9,478,9,99,Sun,02/06/2024
9bfad604-34ad-4d4d-9323-41148e682bdd,239,4,380,1,41,Mon,03/06/2024
9bfad604-34ad-4d4d-9323-41148e682bdd,156,2,450,9,29,Tue,04/06/2024
9bfad604-34ad-4d4d-9323-41148e682bdd,460,0,224,8,08,Wed,05/06/2024
9bfad604-34ad-4d4d-9323-41148e682bdd,349,6,150,6,66,Thu,06/06/2024
9bfad604-34ad-4d4d-9323-41148e682bdd,139,3,458,7,37,Fri,07/06/2024
9bfad604-34ad-4d4d-9323-41148e682bdd,280,0,356,4,04,Sat,08/06/2024
9bfad604-34ad-4d4d-9323-41148e682bdd,120,3,578,0,30,Sun,09/06/2024
9bfad604-34ad-4d4d-9323-41148e682bdd,160,7,136,0,70,Mon,10/06/2024
9bfad604-34ad-4d4d-9323-41148e682bdd,367,6,560,1,61,Tue,11/06/2024
9bfad604-34ad-4d4d-9323-41148e682bdd,146,1,459,8,18,Wed,12/06/2024
9bfad604-34ad-4d4d-9323-41148e682bdd,680,4,126,9,49,Thu,13/06/2024
9bfad604-34ad-4d4d-9323-41148e682bdd,469,9,278,7,97,Fri,14/06/2024
9bfad604-34ad-4d4d-9323-41148e682bdd,679,2,268,6,26,Sat,15/06/2024
9bfad604-34ad-4d4d-9323-41148e682bdd,570,2,158,4,24,Sun,16/06/2024
9bfad604-34ad-4d4d-9323-41148e682bdd,299,0,590,4,04,Mon,17/06/2024
9bfad604-34ad-4d4d-9323-41148e682bdd,248,4,237,2,42,Tue,18/06/2024
9bfad604-34ad-4d4d-9323-41148e682bdd,580,3,389,0,30,Wed,19/06/2024
9bfad604-34ad-4d4d-9323-41148e682bdd,189,8,488,0,80,Thu,20/06/2024
9bfad604-34ad-4d4d-9323-41148e682bdd,224,8,166,3,83,Fri,21/06/2024
9bfad604-34ad-4d4d-9323-41148e682bdd,347,4,570,2,42,Sat,22/06/2024
9bfad604-34ad-4d4d-9323-41148e682bdd,577,9,356,4,94,Sun,23/06/2024
9bfad604-34ad-4d4d-9323-41148e682bdd,579,1,279,8,18,Mon,24/06/2024
9bfad604-34ad-4d4d-9323-41148e682bdd,450,9,358,6,96,Tue,25/06/2024
9bfad604-34ad-4d4d-9323-41148e682bdd,370,0,178,6,06,Wed,26/06/2024
9bfad604-34ad-4d4d-9323-41148e682bdd,268,6,126,9,69,Thu,27/06/2024
9bfad604-34ad-4d4d-9323-41148e682bdd,147,2,569,0,20,Fri,28/06/2024
9bfad604-34ad-4d4d-9323-41148e682bdd,468,8,460,0,80,Sat,29/06/2024
9bfad604-34ad-4d4d-9323-41148e682bdd,379,9,489,1,91,Sun,30/06/2024
9bfad604-34ad-4d4d-9323-41148e682bdd,120,3,247,3,33,Mon,01/07/2024
9bfad604-34ad-4d4d-9323-41148e682bdd,359,7,390,2,72,Tue,02/07/2024
9bfad604-34ad-4d4d-9323-41148e682bdd,***,0,***,0,**,Wed,03/07/2024
9bfad604-34ad-4d4d-9323-41148e682bdd,470,1,267,5,15,Thu,04/07/2024
9bfad604-34ad-4d4d-9323-41148e682bdd,270,9,469,9,99,Fri,05/07/2024
9bfad604-34ad-4d4d-9323-41148e682bdd,138,2,236,1,21,Sat,06/07/2024
9bfad604-34ad-4d4d-9323-41148e682bdd,237,2,168,5,25,Sun,07/07/2024
9bfad604-34ad-4d4d-9323-41148e682bdd,167,4,360,9,49,Mon,08/07/2024
9bfad604-34ad-4d4d-9323-41148e682bdd,230,5,349,6,56,Tue,09/07/2024
9bfad604-34ad-4d4d-9323-41148e682bdd,288,8,268,6,86,Wed,10/07/2024
9bfad604-34ad-4d4d-9323-41148e682bdd,569,0,290,1,01,Thu,11/07/2024
9bfad604-34ad-4d4d-9323-41148e682bdd,358,6,234,9,69,Fri,12/07/2024
9bfad604-34ad-4d4d-9323-41148e682bdd,145,0,566,7,07,Sat,13/07/2024
9bfad604-34ad-4d4d-9323-41148e682bdd,259,6,235,0,60,Sun,14/07/2024
9bfad604-34ad-4d4d-9323-41148e682bdd,459,8,123,6,86,Mon,15/07/2024
9bfad604-34ad-4d4d-9323-41148e682bdd,255,2,140,5,25,Tue,16/07/2024
9bfad604-34ad-4d4d-9323-41148e682bdd,137,1,233,8,18,Wed,17/07/2024
9bfad604-34ad-4d4d-9323-41148e682bdd,456,5,130,4,54,Thu,18/07/2024
9bfad604-34ad-4d4d-9323-41148e682bdd,278,7,680,4,74,Fri,19/07/2024
9bfad604-34ad-4d4d-9323-41148e682bdd,360,9,790,6,96,Sat,20/07/2024
9bfad604-34ad-4d4d-9323-41148e682bdd,579,1,378,8,18,Sun,21/07/2024
9bfad604-34ad-4d4d-9323-41148e682bdd,389,0,600,6,06,Mon,22/07/2024
9bfad604-34ad-4d4d-9323-41148e682bdd,139,3,277,6,36,Tue,23/07/2024
9bfad604-34ad-4d4d-9323-41148e682bdd,458,7,167,4,74,Wed,24/07/2024
9bfad604-34ad-4d4d-9323-41148e682bdd,356,4,200,2,42,Thu,25/07/2024
9bfad604-34ad-4d4d-9323-41148e682bdd,880,6,368,7,67,Fri,26/07/2024
9bfad604-34ad-4d4d-9323-41148e682bdd,***,0,***,0,**,Sat,27/07/2024
9bfad604-34ad-4d4d-9323-41148e682bdd,245,1,488,0,10,Sun,28/07/2024
9bfad604-34ad-4d4d-9323-41148e682bdd,468,8,660,2,82,Mon,29/07/2024
9bfad604-34ad-4d4d-9323-41148e682bdd,126,9,440,8,98,Tue,30/07/2024
9bfad604-34ad-4d4d-9323-41148e682bdd,345,2,245,1,21,Wed,31/07/2024
9bfad604-34ad-4d4d-9323-41148e682bdd,125,8,119,1,81,Thu,01/08/2024
9bfad604-34ad-4d4d-9323-41148e682bdd,359,7,225,9,79,Fri,02/08/2024
9bfad604-34ad-4d4d-9323-41148e682bdd,578,0,135,9,09,Sat,03/08/2024
9bfad604-34ad-4d4d-9323-41148e682bdd,477,8,134,8,88,Sun,04/08/2024
9bfad604-34ad-4d4d-9323-41148e682bdd,178,6,169,6,66,Mon,05/08/2024
9bfad604-34ad-4d4d-9323-41148e682bdd,690,5,259,6,56,Tue,06/08/2024
9bfad604-34ad-4d4d-9323-41148e682bdd,136,0,589,2,02,Wed,07/08/2024
9bfad604-34ad-4d4d-9323-41148e682bdd,157,3,345,2,32,Thu,08/08/2024
9bfad604-34ad-4d4d-9323-41148e682bdd,239,4,590,4,44,Fri,09/08/2024
9bfad604-34ad-4d4d-9323-41148e682bdd,480,2,125,8,28,Sat,10/08/2024
9bfad604-34ad-4d4d-9323-41148e682bdd,289,9,560,1,91,Sun,11/08/2024
9bfad604-34ad-4d4d-9323-41148e682bdd,350,8,236,1,81,Mon,12/08/2024
9bfad604-34ad-4d4d-9323-41148e682bdd,128,1,558,8,18,Tue,13/08/2024
9bfad604-34ad-4d4d-9323-41148e682bdd,359,7,234,9,79,Wed,14/08/2024
9bfad604-34ad-4d4d-9323-41148e682bdd,***,0,***,0,**,Thu,15/08/2024
9bfad604-34ad-4d4d-9323-41148e682bdd,358,6,466,6,66,Fri,16/08/2024
9bfad604-34ad-4d4d-9323-41148e682bdd,240,6,289,9,69,Sat,17/08/2024
9bfad604-34ad-4d4d-9323-41148e682bdd,147,2,357,5,25,Sun,18/08/2024
9bfad604-34ad-4d4d-9323-41148e682bdd,690,5,278,7,57,Mon,19/08/2024
9bfad604-34ad-4d4d-9323-41148e682bdd,135,9,479,0,90,Tue,20/08/2024
9bfad604-34ad-4d4d-9323-41148e682bdd,356,4,178,6,46,Wed,21/08/2024
9bfad604-34ad-4d4d-9323-41148e682bdd,280,0,568,9,09,Thu,22/08/2024
9bfad604-34ad-4d4d-9323-41148e682bdd,157,3,270,9,39,Fri,23/08/2024
9bfad604-34ad-4d4d-9323-41148e682bdd,457,6,349,6,66,Sat,24/08/2024
9bfad604-34ad-4d4d-9323-41148e682bdd,124,7,277,6,76,Sun,25/08/2024
9bfad604-34ad-4d4d-9323-41148e682bdd,290,1,125,8,18,Mon,26/08/2024
9bfad604-34ad-4d4d-9323-41148e682bdd,499,2,279,8,28,Tue,27/08/2024
9bfad604-34ad-4d4d-9323-41148e682bdd,367,6,569,0,60,Wed,28/08/2024
9bfad604-34ad-4d4d-9323-41148e682bdd,589,2,277,6,26,Thu,29/08/2024
9bfad604-34ad-4d4d-9323-41148e682bdd,239,4,138,2,42,Fri,30/08/2024
9bfad604-34ad-4d4d-9323-41148e682bdd,578,0,690,5,05,Sat,31/08/2024
9bfad604-34ad-4d4d-9323-41148e682bdd,680,4,238,3,43,Sun,01/09/2024
9bfad604-34ad-4d4d-9323-41148e682bdd,170,8,359,7,87,Mon,02/09/2024
9bfad604-34ad-4d4d-9323-41148e682bdd,248,4,148,3,43,Tue,03/09/2024
9bfad604-34ad-4d4d-9323-41148e682bdd,490,3,134,8,38,Wed,04/09/2024
9bfad604-34ad-4d4d-9323-41148e682bdd,360,9,469,9,99,Thu,05/09/2024
9bfad604-34ad-4d4d-9323-41148e682bdd,223,7,580,3,73,Fri,06/09/2024
9bfad604-34ad-4d4d-9323-41148e682bdd,250,7,126,9,79,Sat,07/09/2024
9bfad604-34ad-4d4d-9323-41148e682bdd,577,9,689,3,93,Sun,08/09/2024
9bfad604-34ad-4d4d-9323-41148e682bdd,690,5,269,7,57,Mon,09/09/2024
9bfad604-34ad-4d4d-9323-41148e682bdd,138,2,447,5,25,Tue,10/09/2024
9bfad604-34ad-4d4d-9323-41148e682bdd,240,6,118,0,60,Wed,11/09/2024
9bfad604-34ad-4d4d-9323-41148e682bdd,678,1,167,4,14,Thu,12/09/2024
9bfad604-34ad-4d4d-9323-41148e682bdd,550,0,899,6,06,Fri,13/09/2024
9bfad604-34ad-4d4d-9323-41148e682bdd,168,5,566,7,57,Sat,14/09/2024
9bfad604-34ad-4d4d-9323-41148e682bdd,467,7,190,0,70,Sun,15/09/2024
9bfad604-34ad-4d4d-9323-41148e682bdd,126,9,789,4,94,Mon,16/09/2024
9bfad604-34ad-4d4d-9323-41148e682bdd,700,7,270,9,79,Tue,17/09/2024
9bfad604-34ad-4d4d-9323-41148e682bdd,346,3,367,6,36,Wed,18/09/2024
9bfad604-34ad-4d4d-9323-41148e682bdd,570,2,235,0,20,Thu,19/09/2024
9bfad604-34ad-4d4d-9323-41148e682bdd,123,6,259,6,66,Fri,20/09/2024
9bfad604-34ad-4d4d-9323-41148e682bdd,279,8,490,3,83,Sat,21/09/2024
9bfad604-34ad-4d4d-9323-41148e682bdd,145,0,580,3,03,Sun,22/09/2024
9bfad604-34ad-4d4d-9323-41148e682bdd,345,2,139,3,23,Mon,23/09/2024
9bfad604-34ad-4d4d-9323-41148e682bdd,177,5,690,5,55,Tue,24/09/2024
9bfad604-34ad-4d4d-9323-41148e682bdd,678,1,770,4,14,Wed,25/09/2024
9bfad604-34ad-4d4d-9323-41148e682bdd,347,4,149,4,44,Thu,26/09/2024
9bfad604-34ad-4d4d-9323-41148e682bdd,256,3,780,5,35,Fri,27/09/2024
9bfad604-34ad-4d4d-9323-41148e682bdd,140,5,588,1,51,Sat,28/09/2024
9bfad604-34ad-4d4d-9323-41148e682bdd,680,4,167,4,44,Sun,29/09/2024
9bfad604-34ad-4d4d-9323-41148e682bdd,460,0,289,9,09,Mon,30/09/2024
9bfad604-34ad-4d4d-9323-41148e682bdd,135,9,344,1,91,Tue,01/10/2024
9bfad604-34ad-4d4d-9323-41148e682bdd,567,8,560,1,81,Wed,02/10/2024
9bfad604-34ad-4d4d-9323-41148e682bdd,679,2,338,4,24,Thu,03/10/2024
9bfad604-34ad-4d4d-9323-41148e682bdd,236,1,477,8,18,Fri,04/10/2024
9bfad604-34ad-4d4d-9323-41148e682bdd,248,4,370,0,40,Sat,05/10/2024
9bfad604-34ad-4d4d-9323-41148e682bdd,129,2,490,3,23,Sun,06/10/2024
9bfad604-34ad-4d4d-9323-41148e682bdd,670,3,459,8,38,Mon,07/10/2024
9bfad604-34ad-4d4d-9323-41148e682bdd,366,5,220,4,54,Tue,08/10/2024
9bfad604-34ad-4d4d-9323-41148e682bdd,115,7,149,4,74,Wed,09/10/2024
9bfad604-34ad-4d4d-9323-41148e682bdd,357,5,270,9,59,Thu,10/10/2024
9bfad604-34ad-4d4d-9323-41148e682bdd,260,8,330,6,86,Fri,11/10/2024
9bfad604-34ad-4d4d-9323-41148e682bdd,155,1,269,7,17,Sat,12/10/2024
9bfad604-34ad-4d4d-9323-41148e682bdd,189,8,449,7,87,Sun,13/10/2024
9bfad604-34ad-4d4d-9323-41148e682bdd,660,2,770,4,24,Mon,14/10/2024
9bfad604-34ad-4d4d-9323-41148e682bdd,136,0,699,4,04,Tue,15/10/2024
9bfad604-34ad-4d4d-9323-41148e682bdd,166,3,360,9,39,Wed,16/10/2024
9bfad604-34ad-4d4d-9323-41148e682bdd,236,1,469,9,19,Thu,17/10/2024
9bfad604-34ad-4d4d-9323-41148e682bdd,179,7,288,8,78,Fri,18/10/2024
9bfad604-34ad-4d4d-9323-41148e682bdd,580,3,167,4,34,Sat,19/10/2024
9bfad604-34ad-4d4d-9323-41148e682bdd,367,6,136,0,60,Sun,20/10/2024
9bfad604-34ad-4d4d-9323-41148e682bdd,369,8,700,7,87,Mon,21/10/2024
9bfad604-34ad-4d4d-9323-41148e682bdd,140,5,112,4,54,Tue,22/10/2024
9bfad604-34ad-4d4d-9323-41148e682bdd,350,8,280,0,80,Wed,23/10/2024
9bfad604-34ad-4d4d-9323-41148e682bdd,668,0,390,2,02,Thu,24/10/2024
9bfad604-34ad-4d4d-9323-41148e682bdd,147,2,590,4,24,Fri,25/10/2024
9bfad604-34ad-4d4d-9323-41148e682bdd,270,9,138,2,92,Sat,26/10/2024
9bfad604-34ad-4d4d-9323-41148e682bdd,468,8,340,7,87,Sun,27/10/2024
9bfad604-34ad-4d4d-9323-41148e682bdd,147,2,290,1,21,Mon,28/10/2024
9bfad604-34ad-4d4d-9323-41148e682bdd,780,5,467,7,57,Tue,29/10/2024
9bfad604-34ad-4d4d-9323-41148e682bdd,238,3,126,9,39,Wed,30/10/2024
9bfad604-34ad-4d4d-9323-41148e682bdd,590,4,349,6,46,Thu,31/10/2024
9bfad604-34ad-4d4d-9323-41148e682bdd,146,1,569,0,10,Fri,01/11/2024
9bfad604-34ad-4d4d-9323-41148e682bdd,244,0,679,2,02,Sat,02/11/2024
9bfad604-34ad-4d4d-9323-41148e682bdd,180,9,890,7,97,Sun,03/11/2024
9bfad604-34ad-4d4d-9323-41148e682bdd,330,6,568,9,69,Mon,04/11/2024
9bfad604-34ad-4d4d-9323-41148e682bdd,478,9,145,0,90,Tue,05/11/2024
9bfad604-34ad-4d4d-9323-41148e682bdd,279,8,790,6,86,Wed,06/11/2024
9bfad604-34ad-4d4d-9323-41148e682bdd,780,5,127,0,50,Thu,07/11/2024
9bfad604-34ad-4d4d-9323-41148e682bdd,499,2,228,2,22,Fri,08/11/2024
9bfad604-34ad-4d4d-9323-41148e682bdd,259,6,490,3,63,Sat,09/11/2024
9bfad604-34ad-4d4d-9323-41148e682bdd,260,8,145,0,80,Sun,10/11/2024
9bfad604-34ad-4d4d-9323-41148e682bdd,139,3,468,8,38,Mon,11/11/2024
9bfad604-34ad-4d4d-9323-41148e682bdd,233,8,178,6,86,Tue,12/11/2024
9bfad604-34ad-4d4d-9323-41148e682bdd,660,2,144,9,29,Wed,13/11/2024
9bfad604-34ad-4d4d-9323-41148e682bdd,689,3,259,6,36,Thu,14/11/2024
9bfad604-34ad-4d4d-9323-41148e682bdd,123,6,890,7,67,Fri,15/11/2024
9bfad604-34ad-4d4d-9323-41148e682bdd,339,5,246,2,52,Sat,16/11/2024
9bfad604-34ad-4d4d-9323-41148e682bdd,360,9,189,8,98,Sun,17/11/2024
9bfad604-34ad-4d4d-9323-41148e682bdd,560,1,336,2,12,Mon,18/11/2024
9bfad604-34ad-4d4d-9323-41148e682bdd,445,3,690,5,35,Tue,19/11/2024
9bfad604-34ad-4d4d-9323-41148e682bdd,126,9,249,5,95,Wed,20/11/2024
9bfad604-34ad-4d4d-9323-41148e682bdd,470,1,128,1,11,Thu,21/11/2024
9bfad604-34ad-4d4d-9323-41148e682bdd,118,0,179,7,07,Fri,22/11/2024
9bfad604-34ad-4d4d-9323-41148e682bdd,256,3,589,2,32,Sat,23/11/2024
9bfad604-34ad-4d4d-9323-41148e682bdd,348,5,678,1,51,Sun,24/11/2024
9bfad604-34ad-4d4d-9323-41148e682bdd,268,6,150,6,66,Mon,25/11/2024
9bfad604-34ad-4d4d-9323-41148e682bdd,226,0,367,6,06,Tue,26/11/2024
9bfad604-34ad-4d4d-9323-41148e682bdd,489,1,467,7,17,Wed,27/11/2024
9bfad604-34ad-4d4d-9323-41148e682bdd,258,5,290,1,51,Thu,28/11/2024
9bfad604-34ad-4d4d-9323-41148e682bdd,680,4,358,6,46,Fri,29/11/2024
9bfad604-34ad-4d4d-9323-41148e682bdd,478,9,568,9,99,Sat,30/11/2024
9bfad604-34ad-4d4d-9323-41148e682bdd,456,5,359,7,57,Sun,01/12/2024
9bfad604-34ad-4d4d-9323-41148e682bdd,149,4,299,0,40,Mon,02/12/2024
9bfad604-34ad-4d4d-9323-41148e682bdd,499,2,679,2,22,Tue,03/12/2024
9bfad604-34ad-4d4d-9323-41148e682bdd,289,9,340,7,97,Wed,04/12/2024
9bfad604-34ad-4d4d-9323-41148e682bdd,155,1,270,9,19,Thu,05/12/2024
9bfad604-34ad-4d4d-9323-41148e682bdd,440,8,227,1,81,Fri,06/12/2024
9bfad604-34ad-4d4d-9323-41148e682bdd,158,4,677,0,40,Sat,07/12/2024
9bfad604-34ad-4d4d-9323-41148e682bdd,129,2,589,2,22,Sun,08/12/2024
9bfad604-34ad-4d4d-9323-41148e682bdd,256,3,369,8,38,Mon,09/12/2024
9bfad604-34ad-4d4d-9323-41148e682bdd,489,1,577,9,19,Tue,10/12/2024
9bfad604-34ad-4d4d-9323-41148e682bdd,689,3,400,4,34,Wed,11/12/2024
9bfad604-34ad-4d4d-9323-41148e682bdd,360,9,247,3,93,Thu,12/12/2024
9bfad604-34ad-4d4d-9323-41148e682bdd,136,0,225,9,09,Fri,13/12/2024
9bfad604-34ad-4d4d-9323-41148e682bdd,590,4,589,2,42,Sat,14/12/2024
9bfad604-34ad-4d4d-9323-41148e682bdd,128,1,338,4,14,Sun,15/12/2024
9bfad604-34ad-4d4d-9323-41148e682bdd,250,7,256,3,73,Mon,16/12/2024
9bfad604-34ad-4d4d-9323-41148e682bdd,590,4,236,1,41,Tue,17/12/2024
9bfad604-34ad-4d4d-9323-41148e682bdd,589,2,556,6,26,Wed,18/12/2024
9bfad604-34ad-4d4d-9323-41148e682bdd,223,7,555,5,75,Thu,19/12/2024
9bfad604-34ad-4d4d-9323-41148e682bdd,267,5,240,6,56,Fri,20/12/2024
9bfad604-34ad-4d4d-9323-41148e682bdd,113,5,134,8,58,Sat,21/12/2024
9bfad604-34ad-4d4d-9323-41148e682bdd,257,4,569,0,40,Sun,22/12/2024
9bfad604-34ad-4d4d-9323-41148e682bdd,235,0,224,8,08,Mon,23/12/2024
9bfad604-34ad-4d4d-9323-41148e682bdd,270,9,157,3,93,Tue,24/12/2024
9bfad604-34ad-4d4d-9323-41148e682bdd,330,6,146,1,61,Wed,25/12/2024
9bfad604-34ad-4d4d-9323-41148e682bdd,389,0,990,8,08,Thu,26/12/2024
9bfad604-34ad-4d4d-9323-41148e682bdd,236,1,179,7,17,Fri,27/12/2024
